{
  "airports": [
    {
      "id": "A1",
      "x": 10,
      "y": 10
    },
    {
      "id": "A2",
      "x": 14.68333333333333,
      "y": 65.3111111111111
    }
  ],
  "targets": [
    {
      "id": "T1",
      "x": 77,
      "y": 44,
      "priority": 1,
      "type": "a",
      "assigned_drone": 4
    },
    {
      "id": "T2",
      "x": 67,
      "y": 74,
      "priority": 6,
      "type": "a",
      "assigned_drone": 1
    },
    {
      "id": "T3",
      "x": 63.21666666666667,
      "y": 39.19444444444444,
      "priority": 7,
      "type": "a",
      "assigned_drone": 1
    },
    {
      "id": "T4",
      "x": 26.599999999999994,
      "y": 35.19444444444444,
      "priority": 5,
      "type": "a",
      "assigned_drone": 1
    },
    {
      "id": "T5",
      "x": 39.094444444444434,
      "y": 16.055555555555557,
      "priority": 5,
      "type": "a",
      "assigned_drone": 1
    },
    {
      "id": "T6",
      "x": 40.46666666666667,
      "y": 26.52777777777777,
      "priority": 5,
      "type": "c",
      "assigned_drone": 4
    },
    {
      "id": "T7",
      "x": 75.06111111111113,
      "y": 17.499999999999993,
      "priority": 5,
      "type": "c",
      "assigned_drone": 2
    },
    {
      "id": "T8",
      "x": 91.67222222222225,
      "y": 30.71666666666666,
      "priority": 5,
      "type": "c",
      "assigned_drone": 2
    },
    {
      "id": "T9",
      "x": 23.566666666666663,
      "y": 48.41111111111111,
      "priority": 5,
      "type": "e",
      "assigned_drone": 4
    },
    {
      "id": "T10",
      "x": 80.91111111111113,
      "y": 48.55555555555556,
      "priority": 5,
      "type": "e",
      "assigned_drone": 4
    },
    {
      "id": "T11",
      "x": 60.76111111111112,
      "y": 22.55555555555555,
      "priority": 5,
      "type": "e",
      "assigned_drone": 4
    }
  ],
  "sams": [
    {
      "pos": [
        44.87222222222222,
        72.67777777777778
      ],
      "range": 15
    },
    {
      "pos": [
        50,
        50
      ],
      "range": 15
    }
  ],
  "sequence": "A1,T1,T2,T3,T4,T5,T6,T7,T8,T9,T10,T11,A2",
  "drone_states": {
    "1": {
      "fuel_counter": 0,
      "start_airport": "A1",
      "end_airport": "A1",
      "fuel_budget": 450
    },
    "2": {
      "fuel_counter": 0,
      "start_airport": "A2",
      "end_airport": "A2",
      "fuel_budget": 430
    },
    "3": {
      "fuel_counter": 0,
      "start_airport": "A3",
      "end_airport": "A3",
      "fuel_budget": 400
    },
    "4": {
      "fuel_counter": 0,
      "start_airport": "A4",
      "end_airport": "A4",
      "fuel_budget": 400
    }
  },
  "distance_matrix": [
    [
      0,
      55.50903190884155,
      75.13321502504735,
      94.38200495104343,
      60.69867541825657,
      30.17151025162972,
      29.71794829084409,
      34.661004256215406,
      65.4919703399764,
      84.25872156930599,
      40.736567126287994,
      80.7150329443647,
      52.29084409859159
    ],
    [
      55.50903190884155,
      0,
      76.07322615521741,
      64.86675138684694,
      61.46901777610837,
      32.388586810102645,
      54.972830550786,
      46.57174274409561,
      77.66338625640641,
      89.43029549219486,
      19.092501436718837,
      81.47108587901566,
      63.0155771891676
    ],
    [
      75.13321502504735,
      76.07322615521741,
      0,
      31.622776601683793,
      14.597042233798895,
      51.922034420321225,
      47.0927076869015,
      40.496456558903525,
      26.570835329802055,
      19.791944052637096,
      58.45649793949961,
      6.004154939973652,
      26.89917675090714
    ],
    [
      94.38200495104343,
      64.86675138684694,
      31.622776601683793,
      0,
      35.03697820032646,
      70.96751287670332,
      67.56504505865257,
      59.74272459571516,
      57.07216057190826,
      49.821335729054496,
      75.07647106634951,
      28.998944212369164,
      51.85208524955351
    ],
    [
      60.69867541825657,
      61.46901777610836,
      14.597042233798895,
      35.03697820032646,
      0,
      37.31504175874987,
      33.42588493893045,
      26.0385664821327,
      24.717196118302294,
      29.691604167250592,
      43.85228956039056,
      20.01808595825533,
      16.81910748355007
    ],
    [
      30.17151025162972,
      32.388586810102645,
      51.922034420321225,
      70.96751287670332,
      37.31504175874987,
      0,
      22.856251002221317,
      16.352233962231455,
      51.59043180979386,
      65.22610366076941,
      13.560287197876338,
      57.3219856334444,
      36.42420932143015
    ],
    [
      29.71794829084409,
      54.972830550786,
      47.0927076869015,
      67.56504505865257,
      33.42588493893045,
      22.856251002221317,
      0,
      10.561743800091218,
      35.99565988927276,
      54.58361379628259,
      35.88863132002516,
      52.96115190506257,
      22.62066410263954
    ],
    [
      34.661004256215406,
      46.57174274409561,
      40.496456558903525,
      59.74272459571516,
      26.0385664821327,
      16.352233962231455,
      10.561743800091218,
      0,
      35.75299089621304,
      51.37660664034309,
      27.649417313530826,
      46.05405606726638,
      20.67953153945607
    ],
    [
      65.4919703399764,
      77.66338625640641,
      26.570835329802055,
      57.07216057190826,
      24.717196118302294,
      51.59043180979386,
      35.99565988927276,
      35.75299089621304,
      0,
      21.22755968366258,
      60.05975856399554,
      31.60174094672947,
      15.167354481758148
    ],
    [
      84.25872156930599,
      89.43029549219486,
      19.791944052637096,
      49.821335729054496,
      29.691604167250592,
      65.22610366076941,
      54.58361379628259,
      51.37660664034309,
      21.22755968366258,
      0,
      71.81356727647704,
      20.83332592592462,
      31.97030692207003
    ],
    [
      40.736567126287994,
      19.092501436718837,
      58.45649793949961,
      75.07647106634951,
      43.85228956039056,
      13.560287197876338,
      35.88863132002516,
      27.649417313530826,
      60.05975856399554,
      71.81356727647704,
      0,
      63.85435766329785,
      45.29830516274627
    ],
    [
      80.7150329443647,
      81.47108587901566,
      6.004154939973652,
      28.998944212369164,
      20.01808595825533,
      57.3219856334444,
      52.96115190506257,
      46.05405606726638,
      31.60174094672947,
      20.83332592592462,
      63.854357663297854,
      0,
      32.894110415087994
    ],
    [
      52.29084409859159,
      63.01296782281956,
      26.89917675090714,
      51.85208524955352,
      16.81910748355007,
      36.42420932143015,
      22.62066410263954,
      20.67953153945607,
      15.167354481758148,
      31.97030692207003,
      45.29830516274627,
      32.894110415087994,
      0
    ]
  ],
  "matrix_labels": [
    "A1",
    "A2",
    "T1",
    "T2",
    "T3",
    "T4",
    "T5",
    "T6",
    "T7",
    "T8",
    "T9",
    "T10",
    "T11"
  ]
}